$ANSIBLE_VAULT;1.1;AES256
65663934383661343437383461643932363264323263633233636637646564303864396335366362
3934636535346134636231326130353731633334363438380a303164383532356163613030653863
61623461316665393030313930316162653537383934343962346138363638323766356137316439
3831663932626639620a383166326363336666333439356139636632306437613635383433386337
35636334616438396664393934636134653763396439613962623039623362396432303030323163
39303939366431663335346564643266373336373434663261666135306661346234623661663666
38343732376436633661323065643662313065323737306366383131336531376333333965336539
64643965633561383834336630626436306266393036653435666366306437633939363864373933
34346435323762323637663266333361343039383833663062623961626132633738363437303936
39343362396231363330643530363761396538396239303563353739666637373465666264376534
34373964393861393438336334373334363563373164343565636232343731336662643264646239
34366433616238663562333234353338663939323734643766386165313463633466653834646561
62386366313266363632623337383061663463623264623334353561323064316437396336393738
39663064313634663761666130646565623337623935626230653663386230366338323735643039
64363239393632313637366665353033346433383762343061316366386465613130326433623439
66306431323231373935383932643465623634313735666435663861363439353436313036393866
65613162373535633162663961623133653666376238373264613639373439386563306635643962
62373536353939343366623932666165653639383162393932323965316365333062363261383362
37626662386163393839616630313231313564383966616630616365366539633437383732643939
30663735313366326664656534633266303333623435613065306138313034656638366634366237
63653730663139363463333535666635383561343735383462323931623862323266346466326466
63313837653762313037376162353839333232613133333264313863336233616136303432663236
33656261643635643261333162323432646535356361323831356561323538643963333630336638
34303439396665383664643233303739336233636336346233356563336330336161366338353435
62343432643564303935623463613532613639343938616662623033336231353339
